14 0.65625 0.5453125 0.0265625 0.08359375
14 0.696875 0.54453125 0.021875 0.09296875
14 0.73125 0.540625 0.0203125 0.1015625
14 0.7734375 0.54921875 0.0296875 0.1515625
14 0.82890625 0.5625 0.03125 0.12109375
14 0.8 0.5328125 0.01640625 0.10859375
14 0.81328125 0.546875 0.01640625 0.10703125
21 0.1203125 0.478125 0.13828125 0.18359375
12 0.1484375 0.53125 0.18046875 0.1875
16 0.4609375 0.27421875 0.015625 0.04296875
16 0.65 0.33671875 0.01796875 0.0359375
16 0.21796875 0.2640625 0.01875 0.0390625
16 0.290625 0.453125 0.00703125 0.01640625
16 0.4515625 0.46328125 0.00703125 0.01953125
12 0.24765625 0.50859375 0.02734375 0.053125
12 0.2734375 0.50625 0.02265625 0.0484375
12 0.2921875 0.50546875 0.01796875 0.046875
12 0.3109375 0.4984375 0.021875 0.03359375
12 0.328125 0.5 0.01328125 0.0359375
12 0.3421875 0.49765625 0.01171875 0.03203125
12 0.365625 0.50390625 0.03828125 0.04453125
12 0.3953125 0.5 0.01796875 0.03203125
12 0.41328125 0.496875 0.0140625 0.01640625
12 0.43125 0.5 0.015625 0.0234375
12 0.4453125 0.49765625 0.01328125 0.01953125
14 0.553125 0.528125 0.01640625 0.06796875
14 0.54296875 0.5203125 0.01328125 0.0484375
14 0.5734375 0.5234375 0.01640625 0.05703125
14 0.590625 0.52265625 0.01484375 0.0640625
16 0.384375 0.459375 0.00625 0.01953125
14 0.6015625 0.525 0.0109375 0.05546875