18 0.103125 0.3125 0.0234375 0.034375
18 0.5890625 0.065625 0.021875 0.0734375
16 0.61640625 0.084375 0.021875 0.0625
17 0.9015625 0.29921875 0.021875 0.0859375
18 0.875 0.35 0.02421875 0.0859375
12 0.9765625 0.5265625 0.04375 0.046875
12 0.5578125 0.4765625 0.0125 0.02890625
12 0.5703125 0.47734375 0.0171875 0.0390625
12 0.540625 0.4828125 0.01875 0.04140625
12 0.3703125 0.465625 0.01875 0.021875
12 0.35 0.47109375 0.0140625 0.021875
12 0.328125 0.46875 0.03515625 0.0390625
12 0.30625 0.475 0.0171875 0.034375
12 0.28984375 0.475 0.01875 0.0390625
12 0.26953125 0.47734375 0.021875 0.0390625
12 0.2359375 0.4765625 0.04765625 0.04609375
12 0.15546875 0.475 0.06015625 0.0515625
18 0.1359375 0.44296875 0.01015625 0.02109375
16 0.3578125 0.365625 0.0140625 0.02109375
16 0.403125 0.3421875 0.0140625 0.025
18 0.4953125 0.428125 0.01015625 0.0140625
12 0.43359375 0.4578125 0.01875 0.02890625
12 0.41875 0.46640625 0.02109375 0.021875
12 0.3921875 0.48984375 0.059375 0.08046875
12 0.0734375 0.5171875 0.14609375 0.2015625
12 0.603125 0.509375 0.08828125 0.103125
12 0.4859375 0.53359375 0.134375 0.190625
12 0.778125 0.509375 0.16484375 0.09296875