12 0.6671875 0.44609375 0.0140625 0.01796875
12 0.6546875 0.4453125 0.00859375 0.01953125
12 0.64140625 0.446875 0.01640625 0.01796875
12 0.6234375 0.44453125 0.0125 0.02109375
12 0.609375 0.4453125 0.015625 0.01953125
12 0.58125 0.44375 0.02578125 0.021875
12 0.5515625 0.4453125 0.02578125 0.025
12 0.52265625 0.44453125 0.0296875 0.0265625
12 0.45390625 0.446875 0.0234375 0.025
12 0.4125 0.446875 0.02890625 0.03359375
12 0.37890625 0.4515625 0.03828125 0.034375
12 0.3390625 0.4453125 0.04609375 0.04453125
12 0.240625 0.45078125 0.04921875 0.03359375
12 0.1875 0.453125 0.05 0.04609375
12 0.0921875 0.453125 0.10546875 0.0609375
12 0.484375 0.44609375 0.0328125 0.0265625
19 0.02109375 0.39453125 0.01015625 0.021875
17 0.1875 0.2328125 0.01484375 0.053125
17 0.15 0.32578125 0.01484375 0.0515625
17 0.171875 0.33125 0.01171875 0.04140625
17 0.2921875 0.025 0.0296875 0.05
16 0.8328125 0.065625 0.03125 0.090625
18 0.7796875 0.321875 0.03515625 0.065625
18 0.6125 0.29375 0.01875 0.03359375
12 0.2921875 0.4484375 0.04609375 0.0375
12 0.4359375 0.4453125 0.0171875 0.028125
14 0.0234375 0.4515625 0.02265625 0.08046875
14 0.6890625 0.490625 0.02109375 0.0875
14 0.6890625 0.49921875 0.02265625 0.08046875