12 0.425 0.48515625 0.009375 0.01640625
12 0.434375 0.4859375 0.00859375 0.01953125
12 0.440625 0.48671875 0.00703125 0.02109375
12 0.45859375 0.48984375 0.02109375 0.0265625
12 0.36328125 0.48828125 0.02421875 0.04453125
12 0.49375 0.48671875 0.015625 0.03203125
12 0.390625 0.496875 0.04921875 0.05859375
12 0.5109375 0.49609375 0.0234375 0.0375
16 0.3859375 0.42734375 0.009375 0.01640625
12 0.22734375 0.490625 0.03515625 0.0359375
16 0.62734375 0.36796875 0.01484375 0.0375
18 0.5921875 0.3703125 0.01171875 0.03203125
14 0.5484375 0.48515625 0.009375 0.046875
14 0.584375 0.4984375 0.00859375 0.05390625
12 0.075 0.578125 0.15 0.4125
18 0.3359375 0.29375 0.0125 0.02109375
16 0.990625 0.26484375 0.0140625 0.05703125
16 0.98125 0.409375 0.00859375 0.0265625
10 0.94375 0.54375 0.04765625 0.07890625
10 0.85625 0.55390625 0.03671875 0.09609375
18 0.425 0.44375 0.00625 0.0109375
18 0.44375 0.4515625 0.0078125 0.0125
18 0.409375 0.459375 0.00625 0.0109375