16 0.3375 0.29140625 0.01953125 0.07109375
17 0.3203125 0.290625 0.01171875 0.078125
16 0.45625 0.346875 0.01328125 0.05
18 0.715625 0.40859375 0.0234375 0.05
17 0.7375 0.40703125 0.01953125 0.0484375
16 0.4421875 0.48515625 0.009375 0.0234375
12 0.8578125 0.565625 0.08984375 0.103125
12 0.79296875 0.553125 0.09453125 0.10703125
12 0.4640625 0.5390625 0.015625 0.0234375
12 0.4859375 0.546875 0.034375 0.040625
12 0.51875 0.56640625 0.0484375 0.0625
12 0.44375 0.5390625 0.01328125 0.0234375
21 0.3734375 0.5359375 0.07109375 0.1234375
12 0.303125 0.57109375 0.06015625 0.078125
18 0.4421875 0.34765625 0.01328125 0.05546875
14 0.63203125 0.53203125 0.01484375 0.084375