16 0.3953125 0.4109375 0.01015625 0.0375
17 0.3890625 0.409375 0.0078125 0.02890625
17 0.525 0.43828125 0.01015625 0.03203125
17 0.4015625 0.409375 0.0078125 0.034375
12 0.43125 0.54140625 0.015625 0.03359375
12 0.415625 0.55234375 0.01875 0.028125
12 0.3921875 0.56328125 0.02734375 0.02890625
12 0.4421875 0.53125 0.01171875 0.01953125
12 0.45234375 0.5328125 0.01015625 0.01640625
12 0.32421875 0.57578125 0.04453125 0.08359375
12 0.2640625 0.58515625 0.09453125 0.10703125
12 0.1921875 0.6109375 0.09609375 0.121875
12 0.4984375 0.5015625 0.00625 0.01953125
16 0.453125 0.49609375 0.0078125 0.01796875
12 0.48359375 0.53203125 0.0140625 0.0125
12 0.51796875 0.54375 0.009375 0.01953125
12 0.540625 0.54609375 0.01875 0.03046875
12 0.55703125 0.55390625 0.02890625 0.034375
12 0.503125 0.5578125 0.025 0.04453125
12 0.3609375 0.57578125 0.02109375 0.03046875
12 0.46875 0.57734375 0.06796875 0.09296875
12 0.896875 0.6203125 0.10703125 0.19296875
14 0.56953125 0.56875 0.0171875 0.071875
17 0.34296875 0.51796875 0.01171875 0.01953125
12 0.08125 0.64609375 0.16015625 0.1734375
12 0.7859375 0.6765625 0.32265625 0.31953125