16 0.690625 0.36171875 0.0109375 0.01640625
16 0.65234375 0.365625 0.01328125 0.01953125
16 0.640625 0.3625 0.01328125 0.01953125
16 0.3921875 0.265625 0.01484375 0.0234375
12 0.6890625 0.39609375 0.01875 0.01640625
12 0.68125 0.39453125 0.0125 0.01953125
12 0.66171875 0.39296875 0.0109375 0.01640625
12 0.6515625 0.39453125 0.01484375 0.01953125
12 0.640625 0.396875 0.0109375 0.01953125
12 0.63203125 0.4015625 0.01328125 0.01953125
12 0.6703125 0.403125 0.01328125 0.021875
12 0.71640625 0.41875 0.04609375 0.0875
12 0.746875 0.421875 0.01640625 0.04140625
12 0.35 0.3796875 0.065625 0.04296875
12 0.296875 0.375 0.05625 0.04296875
12 0.2171875 0.35234375 0.040625 0.0265625
12 0.24609375 0.384375 0.05625 0.04609375
12 0.20625 0.3765625 0.0421875 0.0609375
12 0.1625 0.35234375 0.04609375 0.03203125
12 0.13203125 0.36796875 0.0546875 0.03359375
12 0.1484375 0.3875 0.08984375 0.071875
12 0.053125 0.3859375 0.10625 0.1140625
12 0.61953125 0.396875 0.01640625 0.02890625
12 0.60625 0.403125 0.01640625 0.021875
12 0.58828125 0.409375 0.0296875 0.03359375