18 0.4109375 0.36171875 0.01171875 0.0390625
18 0.74453125 0.325 0.0140625 0.0390625
19 0.771875 0.346875 0.0296875 0.0515625
18 0.29609375 0.4546875 0.01171875 0.02109375
18 0.68125 0.47265625 0.009375 0.015625
12 0.45546875 0.5359375 0.04765625 0.0515625
12 0.53828125 0.565625 0.20859375 0.13203125
12 0.80546875 0.6609375 0.3890625 0.475
12 0.35 0.60859375 0.21328125 0.31953125
12 0.0859375 0.61015625 0.17109375 0.2984375
17 0.13125 0.37109375 0.01328125 0.05703125
18 0.68359375 0.309375 0.01953125 0.0609375
18 0.771875 0.165625 0.040625 0.10546875