12 0.6625 0.421875 0.0890625 0.15546875
12 0.609375 0.384375 0.01953125 0.071875
12 0.5890625 0.3859375 0.0171875 0.046875
12 0.5578125 0.38984375 0.05703125 0.08203125
12 0.44609375 0.40703125 0.0421875 0.0515625
12 0.51015625 0.4515625 0.125 0.1640625
14 0.915625 0.409375 0.03984375 0.18046875
14 0.859375 0.40703125 0.034375 0.146875
14 0.825 0.40703125 0.01875 0.12890625
14 0.79453125 0.40546875 0.02265625 0.1265625
14 0.36875 0.39609375 0.02109375 0.0984375
16 0.534375 0.28515625 0.01640625 0.025
16 0.578125 0.296875 0.01015625 0.0265625
16 0.56875 0.3390625 0.00859375 0.015625
16 0.6 0.3546875 0.01328125 0.0109375
16 0.596875 0.33671875 0.0109375 0.021875
12 0.10390625 0.45546875 0.10859375 0.12890625