18 0.6640625 0.35625 0.01015625 0.02109375
18 0.58203125 0.32578125 0.01171875 0.025
18 0.6453125 0.4515625 0.0109375 0.0234375
18 0.48125 0.42421875 0.0078125 0.0125
18 0.2375 0.38515625 0.009375 0.021875
16 0.3796875 0.3609375 0.0140625 0.021875
16 0.5703125 0.34375 0.01171875 0.02109375
17 0.76875 0.321875 0.0125 0.0390625
12 0.4875 0.46328125 0.01796875 0.02109375
12 0.471875 0.465625 0.0140625 0.0234375
12 0.45390625 0.465625 0.03515625 0.065625
12 0.496875 0.47421875 0.01953125 0.0265625
12 0.5140625 0.4890625 0.03515625 0.046875
12 0.2296875 0.475 0.071875 0.0625
12 0.065625 0.4640625 0.13046875 0.1140625
21 0.85625 0.52421875 0.1453125 0.25
12 0.76484375 0.51796875 0.025 0.0265625
12 0.6875 0.69609375 0.40078125 0.43203125
12 0.9625 0.7828125 0.07421875 0.265625
14 0.365625 0.48671875 0.01875 0.0890625
14 0.4 0.47109375 0.0109375 0.04453125
10 0.3609375 0.55390625 0.08203125 0.11953125