12 0.1140625 0.89765625 0.12734375 0.109375
12 0.259375 0.85078125 0.09296875 0.1015625
12 0.4265625 0.84609375 0.04609375 0.07109375
12 0.3171875 0.85078125 0.03984375 0.07109375
12 0.4796875 0.8328125 0.02578125 0.04609375
12 0.50234375 0.83515625 0.034375 0.0515625
12 0.5328125 0.84453125 0.053125 0.06953125
12 0.56484375 0.84921875 0.0671875 0.0890625
12 0.65859375 0.8859375 0.140625 0.2140625
12 0.84765625 0.85859375 0.29765625 0.28046875
12 0.3890625 0.83515625 0.04296875 0.0515625
16 0.38359375 0.77421875 0.0203125 0.03046875
16 0.43671875 0.7765625 0.0140625 0.03203125
12 0.44375 0.834375 0.01484375 0.0515625
16 0.41484375 0.80859375 0.0125 0.01796875