12 0.8734375 0.6484375 0.1890625 0.19140625
12 0.7203125 0.59609375 0.0859375 0.0890625
12 0.625 0.59375 0.1375 0.14609375
12 0.425 0.56015625 0.0375 0.04296875
12 0.4703125 0.559375 0.02421875 0.03046875
12 0.4515625 0.56015625 0.01875 0.0390625
12 0.2375 0.58828125 0.06015625 0.125
12 0.2890625 0.58359375 0.0703125 0.109375
12 0.12265625 0.61796875 0.2453125 0.23046875
12 0.49140625 0.56328125 0.015625 0.015625
12 0.5359375 0.5640625 0.01171875 0.0125
21 0.51875 0.559375 0.025 0.0484375
17 0.30234375 0.48671875 0.0171875 0.03046875
17 0.73125 0.503125 0.015625 0.03359375
16 0.4296875 0.4109375 0.01015625 0.028125
16 0.5859375 0.43671875 0.01171875 0.0234375
16 0.38515625 0.4484375 0.01015625 0.02109375
12 0.5453125 0.56015625 0.01171875 0.02109375
12 0.503125 0.56015625 0.00703125 0.02109375