12 0.4359375 0.2515625 0.06953125 0.096875
12 0.5265625 0.24453125 0.06640625 0.071875
21 0.6296875 0.24140625 0.09453125 0.10546875
12 0.3578125 0.23515625 0.0421875 0.0625
12 0.2640625 0.2171875 0.02109375 0.0265625
12 0.22421875 0.21484375 0.02734375 0.03046875
12 0.034375 0.2203125 0.0671875 0.05859375
12 0.3015625 0.2140625 0.0171875 0.021875
12 0.38359375 0.22109375 0.01640625 0.03359375
12 0.48125 0.23203125 0.0328125 0.04453125
12 0.94296875 0.53828125 0.11015625 0.20546875
12 0.8390625 0.38046875 0.03046875 0.046875