12 0.490625 0.215625 0.02890625 0.046875
12 0.5015625 0.23359375 0.0296875 0.04296875
12 0.53359375 0.22890625 0.0453125 0.0765625
12 0.55859375 0.24296875 0.0578125 0.08359375
12 0.66015625 0.26484375 0.15703125 0.1859375
12 0.4453125 0.234375 0.0578125 0.09140625
21 0.38125 0.18984375 0.05625 0.10859375
12 0.31171875 0.2140625 0.06640625 0.05546875
12 0.2421875 0.21171875 0.05 0.046875
12 0.071875 0.21171875 0.0890625 0.071875
12 0.02265625 0.228125 0.0453125 0.0875
12 0.21015625 0.2078125 0.0203125 0.034375