16 0.3 0.48046875 0.01015625 0.04453125
19 0.2421875 0.571875 0.01171875 0.01796875
18 0.4453125 0.6015625 0.0078125 0.01640625
18 0.9640625 0.33515625 0.0203125 0.1
14 0.5421875 0.66953125 0.02265625 0.09609375
14 0.44375 0.6625 0.01015625 0.0359375
14 0.4296875 0.65859375 0.0109375 0.040625
12 0.20625 0.63359375 0.04296875 0.0515625
12 0.409375 0.653125 0.0140625 0.0234375
12 0.39296875 0.653125 0.01484375 0.02109375
12 0.37265625 0.659375 0.02421875 0.0390625
12 0.4625 0.659375 0.02890625 0.03359375
12 0.4890625 0.665625 0.02265625 0.03046875
21 0.91015625 0.68203125 0.1796875 0.17109375
18 0.3109375 0.4765625 0.01171875 0.04609375
12 0.296875 0.6453125 0.06484375 0.0515625