12 0.3359375 0.39140625 0.01640625 0.01953125
12 0.3578125 0.39609375 0.01640625 0.02109375
12 0.321875 0.39296875 0.01484375 0.01640625
12 0.3 0.39296875 0.02578125 0.0234375
12 0.2671875 0.39453125 0.02421875 0.0234375
12 0.2390625 0.390625 0.034375 0.0265625
12 0.2 0.3984375 0.03125 0.0234375
12 0.16015625 0.390625 0.0265625 0.03203125
12 0.1328125 0.3953125 0.03359375 0.03046875
12 0.10234375 0.396875 0.03515625 0.040625
12 0.0671875 0.39375 0.0375 0.0359375
12 0.02265625 0.403125 0.04453125 0.046875
12 0.56953125 0.3984375 0.0171875 0.0265625
12 0.434375 0.403125 0.01796875 0.02890625
12 0.453125 0.40859375 0.01484375 0.034375
12 0.50390625 0.46640625 0.14609375 0.21640625
12 0.7625 0.45234375 0.20546875 0.23046875