16 0.3921875 0.3453125 0.01015625 0.02890625
16 0.5375 0.35 0.00859375 0.021875
16 0.57265625 0.4109375 0.00625 0.015625
12 0.26328125 0.4765625 0.06015625 0.06640625
12 0.5875 0.45234375 0.021875 0.0265625
12 0.5625 0.45078125 0.01015625 0.01796875
12 0.55 0.45703125 0.01328125 0.01953125
12 0.52109375 0.46640625 0.05234375 0.08359375
12 0.3328125 0.50078125 0.1203125 0.134375
12 0.07890625 0.5171875 0.15703125 0.140625
12 0.640625 0.453125 0.0125 0.015625
12 0.634375 0.45078125 0.009375 0.0140625
12 0.4078125 0.45546875 0.015625 0.025
12 0.4359375 0.44921875 0.040625 0.0375