12 0.53203125 0.49140625 0.01875 0.0265625
12 0.5125 0.49609375 0.01875 0.021875
12 0.49375 0.5015625 0.03359375 0.01640625
12 0.45625 0.50625 0.0421875 0.046875
12 0.4171875 0.5015625 0.03125 0.04609375
12 0.390625 0.51015625 0.01640625 0.0265625
12 0.3375 0.50390625 0.0265625 0.0515625
12 0.553125 0.49609375 0.02421875 0.0515625
12 0.2703125 0.515625 0.06875 0.07109375
12 0.3640625 0.51875 0.0515625 0.0640625
12 0.4890625 0.51796875 0.0375 0.04609375
12 0.5953125 0.528125 0.09140625 0.125
12 0.1171875 0.66484375 0.234375 0.4421875
18 0.47578125 0.47109375 0.009375 0.0140625
18 0.46015625 0.471875 0.01015625 0.0125