16 0.55625 0.2703125 0.0109375 0.05703125
16 0.4890625 0.425 0.0078125 0.028125
16 0.421875 0.42578125 0.0078125 0.03046875
16 0.0125 0.009375 0.021875 0.01875
18 0.071875 0.40859375 0.01328125 0.0375
18 0.6828125 0.42109375 0.01171875 0.0265625
12 0.5359375 0.4953125 0.02109375 0.046875
12 0.5546875 0.4984375 0.03671875 0.0640625
15 0.578125 0.49375 0.02265625 0.05859375
10 0.57890625 0.5296875 0.0234375 0.075
12 0.44921875 0.48359375 0.02734375 0.0375
12 0.503125 0.48671875 0.040625 0.071875
12 0.028125 0.53359375 0.05546875 0.11953125
12 0.9359375 0.60390625 0.128125 0.303125
18 0.67109375 0.4203125 0.0109375 0.03359375
18 0.3890625 0.46328125 0.0078125 0.0140625
14 0.1609375 0.48359375 0.0171875 0.07109375
14 0.3375 0.4859375 0.0109375 0.04453125
14 0.67421875 0.50625 0.02109375 0.096875
12 0.89609375 0.54609375 0.090625 0.125
18 0.46875 0.45546875 0.0046875 0.01953125