16 0.5546875 0.15859375 0.0140625 0.06640625
16 0.8875 0.22109375 0.0125 0.05859375
16 0.271875 0.39921875 0.01640625 0.03359375
18 0.253125 0.3640625 0.021875 0.0375
18 0.5734375 0.15703125 0.01171875 0.0640625
18 0.87421875 0.22109375 0.0125 0.04140625
18 0.9015625 0.2234375 0.01484375 0.046875
17 0.2296875 0.3609375 0.01953125 0.0265625
17 0.546875 0.16640625 0.009375 0.05859375
12 0.28046875 0.459375 0.08203125 0.04609375
12 0.19453125 0.52890625 0.21328125 0.1515625
12 0.6921875 0.48125 0.03828125 0.059375
12 0.74453125 0.49765625 0.0828125 0.1015625
12 0.38125 0.4703125 0.1078125 0.09140625
12 0.5984375 0.52265625 0.19296875 0.2765625
12 0.0421875 0.52109375 0.08359375 0.2015625
12 0.890625 0.5140625 0.21796875 0.34609375