18 0.54140625 0.4125 0.0046875 0.0140625
12 0.3578125 0.484375 0.1140625 0.11953125
12 0.4109375 0.47421875 0.03671875 0.0984375
12 0.4375 0.47578125 0.03046875 0.08203125
12 0.45 0.46875 0.0203125 0.0640625
12 0.4671875 0.46484375 0.0265625 0.0484375
12 0.4796875 0.4609375 0.0125 0.028125
12 0.4890625 0.46015625 0.00859375 0.021875
12 0.4984375 0.4546875 0.01328125 0.0125
12 0.9265625 0.565625 0.1390625 0.315625
12 0.8046875 0.5390625 0.2 0.2109375
12 0.6390625 0.478125 0.0796875 0.103125
12 0.5953125 0.475 0.01171875 0.065625
12 0.584375 0.48203125 0.0109375 0.05546875
12 0.575 0.4765625 0.00859375 0.034375
12 0.56875 0.4671875 0.03515625 0.05390625
12 0.546875 0.45859375 0.00546875 0.03359375
12 0.5390625 0.4640625 0.0109375 0.021875
12 0.515625 0.4484375 0.0109375 0.009375