12 0.696875 0.4125 0.0265625 0.025
12 0.62734375 0.40078125 0.0203125 0.021875
12 0.5578125 0.403125 0.0203125 0.028125
12 0.3875 0.40390625 0.0140625 0.0109375
12 0.34296875 0.41171875 0.0140625 0.015625
12 0.3640625 0.40703125 0.00859375 0.009375
12 0.021875 0.4578125 0.04375 0.03125
12 0.059375 0.453125 0.02109375 0.01640625
12 0.1046875 0.44765625 0.0171875 0.01640625
12 0.08125 0.45 0.021875 0.01640625
12 0.121875 0.44765625 0.0171875 0.01640625
12 0.1421875 0.4484375 0.02421875 0.015625
12 0.165625 0.44765625 0.02109375 0.0125
12 0.18671875 0.44609375 0.0203125 0.02109375
12 0.20625 0.4453125 0.01796875 0.015625
12 0.221875 0.44296875 0.01171875 0.015625
12 0.0109375 0.40859375 0.021875 0.028125
12 0.04453125 0.40546875 0.0265625 0.021875
12 0.0828125 0.40546875 0.01875 0.01796875
12 0.1 0.40546875 0.015625 0.015625
12 0.1296875 0.40390625 0.04140625 0.021875
12 0.175 0.40234375 0.0296875 0.03046875
12 0.2265625 0.396875 0.0203125 0.01796875
12 0.25859375 0.38984375 0.01875 0.0125
12 0.1953125 0.3984375 0.009375 0.021875
12 0.2921875 0.390625 0.04140625 0.0265625
12 0.6625 0.40234375 0.0328125 0.0265625
12 0.2328125 0.440625 0.01171875 0.0140625
12 0.4296875 0.44609375 0.03046875 0.04453125