16 0.45234375 0.20625 0.0171875 0.0734375
16 0.42265625 0.44296875 0.0125 0.0140625
16 0.38671875 0.4375 0.01328125 0.009375
16 0.325 0.43203125 0.01015625 0.0109375
16 0.30859375 0.44296875 0.0125 0.009375
16 0.221875 0.4359375 0.009375 0.0140625
16 0.2 0.440625 0.009375 0.0109375
16 0.146875 0.415625 0.0125 0.0140625
16 0.11484375 0.246875 0.0234375 0.06796875
18 0.47421875 0.21015625 0.015625 0.071875
18 0.5734375 0.45234375 0.01328125 0.03203125
18 0.590625 0.33125 0.0078125 0.046875
12 0.32265625 0.490625 0.01953125 0.01953125
12 0.290625 0.48359375 0.03359375 0.025
12 0.2546875 0.475 0.02265625 0.0390625
12 0.22578125 0.47734375 0.046875 0.04140625
12 0.13671875 0.4609375 0.0484375 0.05703125
12 0.36875 0.49375 0.01328125 0.01796875
12 0.396875 0.53828125 0.07265625 0.10546875
12 0.065625 0.49140625 0.1171875 0.115625
11 0.909375 0.5578125 0.1796875 0.25703125