18 0.32109375 0.29296875 0.009375 0.034375
18 0.5859375 0.2703125 0.0109375 0.04609375
19 0.6515625 0.4359375 0.01484375 0.03046875
18 0.415625 0.45390625 0.0109375 0.03046875
16 0.8125 0.41328125 0.03671875 0.0375
16 0.6375 0.30859375 0.01328125 0.04453125
18 0.5203125 0.43671875 0.009375 0.028125
12 0.47734375 0.4640625 0.11015625 0.059375
12 0.2625 0.56015625 0.14921875 0.2359375
12 0.36875 0.496875 0.03828125 0.0515625
12 0.134375 0.57734375 0.26796875 0.6390625
12 0.5125 0.6953125 0.425 0.428125
10 0.96796875 0.696875 0.0640625 0.146875
17 0.5671875 0.27265625 0.009375 0.05703125