18 0.484375 0.59140625 0.01640625 0.034375
12 0.3546875 0.66875 0.0359375 0.0734375
12 0.3234375 0.67265625 0.0265625 0.07109375
12 0.2953125 0.67421875 0.03046875 0.0734375
12 0.26171875 0.678125 0.0359375 0.08203125
12 0.21953125 0.6828125 0.04765625 0.0875
12 0.16953125 0.68828125 0.04921875 0.0890625
12 0.11640625 0.68828125 0.05546875 0.1015625
12 0.0453125 0.68671875 0.0890625 0.10390625
12 0.5125 0.6515625 0.02578125 0.05390625
12 0.5296875 0.65859375 0.0359375 0.075
12 0.55703125 0.66484375 0.04609375 0.096875
12 0.621875 0.69140625 0.11953125 0.1640625
12 0.4796875 0.66171875 0.01796875 0.02890625
12 0.45625 0.66953125 0.015625 0.021875