16 0.56640625 0.24921875 0.0078125 0.01640625
16 0.5453125 0.24921875 0.01015625 0.01640625
16 0.54765625 0.2765625 0.01015625 0.01640625
16 0.5296875 0.27421875 0.0078125 0.01640625
18 0.5953125 0.28671875 0.01015625 0.025
12 0.56015625 0.30078125 0.00703125 0.0265625
12 0.571875 0.30546875 0.02109375 0.0375
12 0.5390625 0.29921875 0.01640625 0.02109375
12 0.52421875 0.30078125 0.01484375 0.034375
12 0.503125 0.27421875 0.03828125 0.01640625
12 0.553125 0.303125 0.02109375 0.0375
12 0.471875 0.3359375 0.0921875 0.1515625
12 0.6328125 0.3109375 0.0140625 0.01796875
12 0.64765625 0.309375 0.01875 0.02109375
12 0.68125 0.31328125 0.02109375 0.03046875
12 0.59375 0.315625 0.02109375 0.03046875