12 0.4953125 0.515625 0.07265625 0.1265625
12 0.59453125 0.5203125 0.05234375 0.075
12 0.753125 0.546875 0.10078125 0.1
12 0.690625 0.534375 0.06015625 0.075
12 0.653125 0.5265625 0.0265625 0.065625
12 0.63125 0.521875 0.02265625 0.053125
12 0.53125 0.51640625 0.01796875 0.0609375
12 0.54921875 0.50390625 0.0328125 0.04609375
12 0.47109375 0.47109375 0.0140625 0.01640625
12 0.4609375 0.4671875 0.0125 0.01796875
12 0.4546875 0.4640625 0.009375 0.015625
12 0.3203125 0.4859375 0.06171875 0.03203125
12 0.4328125 0.471875 0.0078125 0.01953125
12 0.41875 0.47890625 0.01484375 0.025
12 0.396875 0.48515625 0.02421875 0.03046875
16 0.4 0.4359375 0.009375 0.01953125
16 0.43125 0.4140625 0.00625 0.015625
16 0.5328125 0.43125 0.00625 0.01640625
16 0.4875 0.44609375 0.00546875 0.0125
18 0.4234375 0.3984375 0.00546875 0.0125
12 0.44609375 0.459375 0.0078125 0.015625
16 0.4484375 0.44296875 0.003125 0.0125