16 0.459375 0.23671875 0.0109375 0.01953125
16 0.484375 0.234375 0.01015625 0.01953125
12 0.4640625 0.2703125 0.0125 0.01796875
12 0.44921875 0.271875 0.0125 0.025
12 0.4359375 0.2765625 0.0140625 0.03046875
12 0.4234375 0.28046875 0.0140625 0.0375
12 0.4125 0.2890625 0.01796875 0.05
12 0.4 0.2890625 0.0265625 0.05390625
12 0.36796875 0.3078125 0.0375 0.0625
12 0.309375 0.3234375 0.08671875 0.11953125
12 0.49375 0.2703125 0.0125 0.021875
12 0.5015625 0.28046875 0.0140625 0.0375
12 0.534375 0.2953125 0.05859375 0.08203125
12 0.6125 0.346875 0.1359375 0.17890625
12 0.2140625 0.371875 0.18046875 0.1765625
12 0.48046875 0.27421875 0.01015625 0.01953125