16 0.11484375 0.2671875 0.02578125 0.04453125
16 0.61171875 0.0375 0.03125 0.0609375
12 0.47265625 0.40546875 0.02734375 0.0359375
12 0.39453125 0.42578125 0.040625 0.053125
12 0.31875 0.41875 0.02421875 0.03203125
12 0.26328125 0.428125 0.02890625 0.040625
12 0.234375 0.43125 0.025 0.04140625
12 0.2 0.4390625 0.0453125 0.040625
12 0.08203125 0.4265625 0.12265625 0.15546875
12 0.5015625 0.40625 0.02734375 0.0484375
12 0.5359375 0.41328125 0.04140625 0.0640625
12 0.5609375 0.41640625 0.025 0.059375
12 0.5828125 0.421875 0.0421875 0.07109375
12 0.65 0.4375 0.09375 0.10546875
12 0.43671875 0.43046875 0.053125 0.0765625
12 0.0515625 0.578125 0.1015625 0.24609375
16 0.7921875 0.29765625 0.03671875 0.04609375
12 0.8640625 0.384375 0.1640625 0.18203125