16 0.453125 0.390625 0.009375 0.02109375
16 0.4796875 0.3859375 0.009375 0.0140625
12 0.509375 0.403125 0.01875 0.03359375
12 0.48984375 0.40703125 0.01640625 0.0140625
12 0.4734375 0.409375 0.01015625 0.0125
12 0.465625 0.415625 0.01484375 0.00859375
12 0.4640625 0.42578125 0.01640625 0.0140625
12 0.478125 0.4234375 0.01640625 0.01796875
12 0.4953125 0.434375 0.021875 0.03046875
12 0.5328125 0.4296875 0.0234375 0.034375
12 0.57890625 0.43671875 0.03984375 0.05859375
12 0.659375 0.440625 0.07578125 0.1015625
12 0.721875 0.45625 0.07734375 0.134375
12 0.8515625 0.46171875 0.253125 0.24453125
18 0.4140625 0.396875 0.009375 0.02109375
16 0.4140625 0.4296875 0.0078125 0.01796875