12 0.05390625 0.4765625 0.1078125 0.075
12 0.48125 0.425 0.01328125 0.01953125
12 0.49765625 0.42734375 0.01171875 0.01953125
12 0.5140625 0.43203125 0.01484375 0.0234375
12 0.5625 0.43515625 0.03671875 0.05390625
12 0.59375 0.446875 0.040625 0.0484375
12 0.63125 0.453125 0.03671875 0.05703125
12 0.67109375 0.471875 0.0734375 0.0515625
12 0.74375 0.44375 0.1109375 0.115625
12 0.465625 0.41640625 0.01328125 0.0234375
12 0.4109375 0.4296875 0.01484375 0.02109375
12 0.39140625 0.434375 0.01875 0.0265625
12 0.3625 0.4421875 0.01875 0.03359375
12 0.3359375 0.4375 0.0171875 0.028125
12 0.27734375 0.4390625 0.01171875 0.02109375
12 0.83203125 0.58125 0.33515625 0.39453125
16 0.45 0.39375 0.0078125 0.01953125
16 0.4921875 0.3953125 0.0078125 0.02109375
21 0.6734375 0.38984375 0.1109375 0.13203125