18 0.4828125 0.41953125 0.0125 0.0234375
18 0.3828125 0.4203125 0.009375 0.01953125
18 0.615625 0.4453125 0.009375 0.0234375
18 0.4296875 0.48515625 0.009375 0.0140625
18 0.33125 0.49296875 0.01328125 0.015625
18 0.47109375 0.48203125 0.01171875 0.0140625
12 0.4640625 0.52578125 0.009375 0.0125
12 0.45625 0.528125 0.0109375 0.0140625
12 0.446875 0.52890625 0.0109375 0.01953125
12 0.4328125 0.534375 0.01875 0.01953125
12 0.4828125 0.528125 0.0109375 0.02109375
12 0.4125 0.53203125 0.0171875 0.01640625
12 0.3984375 0.534375 0.0125 0.01953125
12 0.384375 0.5328125 0.01484375 0.01953125
12 0.3703125 0.5328125 0.01953125 0.021875
12 0.30546875 0.5515625 0.05390625 0.0625
21 0.5796875 0.5015625 0.10546875 0.14296875
18 0.428125 0.50703125 0.01171875 0.0140625
18 0.4578125 0.503125 0.0078125 0.0140625