16 0.4265625 0.49765625 0.00703125 0.01796875
16 0.396875 0.496875 0.00859375 0.01796875
12 0.371875 0.5359375 0.025 0.040625
12 0.3296875 0.54765625 0.0390625 0.046875
12 0.48828125 0.54296875 0.0140625 0.03203125
12 0.5125 0.54140625 0.0203125 0.03359375
12 0.528125 0.55 0.0203125 0.0515625
12 0.559375 0.553125 0.034375 0.04453125
12 0.59375 0.5640625 0.04296875 0.04453125
12 0.625 0.55859375 0.0390625 0.071875
12 0.66875 0.571875 0.06640625 0.1
12 0.728125 0.58515625 0.06328125 0.10859375
12 0.8046875 0.58828125 0.10703125 0.1265625
12 0.86875 0.6 0.125 0.13359375
12 0.41015625 0.54296875 0.01796875 0.025
12 0.9546875 0.684375 0.08671875 0.196875