12 0.55703125 0.440625 0.02890625 0.05703125
12 0.465625 0.44453125 0.01171875 0.028125
12 0.428125 0.4421875 0.0109375 0.0234375
12 0.40625 0.4421875 0.00625 0.01953125
12 0.3640625 0.440625 0.015625 0.03359375
12 0.2859375 0.44375 0.04453125 0.040625
12 0.503125 0.46328125 0.0765625 0.115625
12 0.33671875 0.440625 0.03984375 0.0515625
12 0.3890625 0.4390625 0.025 0.04140625
12 0.4453125 0.440625 0.025 0.034375
21 0.60703125 0.446875 0.0734375 0.121875
12 0.675 0.47734375 0.06171875 0.090625
12 0.79765625 0.48359375 0.184375 0.16640625
12 0.921875 0.49921875 0.15390625 0.31640625
12 0.1484375 0.49609375 0.23828125 0.28203125
16 0.4546875 0.39765625 0.00625 0.01953125
12 0.4140625 0.44375 0.01171875 0.028125
18 0.4203125 0.38359375 0.00546875 0.02109375
18 0.39453125 0.384375 0.00625 0.02109375