12 0.43828125 0.4359375 0.01953125 0.0375
12 0.4296875 0.41953125 0.015625 0.0234375
12 0.453125 0.4359375 0.01171875 0.0234375
12 0.428125 0.43828125 0.01484375 0.028125
12 0.68984375 0.5015625 0.05 0.05703125
12 0.3828125 0.46328125 0.090625 0.146875
12 0.4609375 0.43828125 0.0125 0.01953125
12 0.6296875 0.50625 0.0921875 0.10859375
10 0.675 0.5109375 0.03203125 0.07109375
14 0.31953125 0.428125 0.01328125 0.05859375
14 0.3046875 0.4546875 0.01953125 0.10859375
18 0.35625 0.36953125 0.0109375 0.03046875
18 0.56015625 0.4140625 0.01171875 0.02109375
18 0.6546875 0.409375 0.01953125 0.03046875
18 0.45390625 0.2875 0.01171875 0.0484375
12 0.47109375 0.44140625 0.01875 0.0265625
14 0.4796875 0.446875 0.015625 0.0484375
16 0.5140625 0.32421875 0.01328125 0.0375
16 0.44140625 0.28359375 0.01328125 0.034375
16 0.4484375 0.3875 0.0078125 0.0234375