12 0.44453125 0.4734375 0.025 0.02890625
12 0.4671875 0.475 0.0140625 0.03203125
12 0.3625 0.46953125 0.01875 0.04296875
12 0.38984375 0.4734375 0.046875 0.05546875
12 0.3359375 0.465625 0.0515625 0.06953125
12 0.496875 0.47265625 0.040625 0.04453125
12 0.6890625 0.51171875 0.22109375 0.27109375
12 0.8453125 0.6484375 0.30625 0.53203125
17 0.73359375 0.2796875 0.03515625 0.05859375
17 0.5984375 0.36953125 0.02109375 0.040625
17 0.44375 0.20703125 0.01484375 0.065625
18 0.26640625 0.13203125 0.02109375 0.05859375
16 0.2484375 0.13046875 0.0203125 0.0734375
16 0.4265625 0.2046875 0.01875 0.065625
18 0.6953125 0.2921875 0.0203125 0.05546875
18 0.2234375 0.36875 0.01015625 0.025
17 0.2125 0.36875 0.01015625 0.02890625
16 0.4234375 0.4546875 0.01015625 0.021875
12 0.42265625 0.48046875 0.0140625 0.015625