16 0.4453125 0.37265625 0.0140625 0.025
16 0.5265625 0.3828125 0.01328125 0.0234375
12 0.4015625 0.49375 0.1484375 0.203125
12 0.915625 0.54765625 0.16875 0.1875
12 0.5046875 0.44296875 0.01640625 0.02109375
12 0.80078125 0.503125 0.1484375 0.1484375
12 0.70546875 0.48984375 0.0921875 0.0984375
12 0.5640625 0.45078125 0.0515625 0.04453125
12 0.64453125 0.475 0.05546875 0.06796875
12 0.61171875 0.46328125 0.05859375 0.06640625
14 0.52578125 0.4484375 0.0109375 0.034375
12 0.528125 0.44375 0.02421875 0.040625
12 0.4609375 0.43125 0.0265625 0.06640625