12 0.053125 0.540625 0.10546875 0.18359375
12 0.1609375 0.5 0.1421875 0.15703125
12 0.2484375 0.4953125 0.06484375 0.1125
12 0.2921875 0.4796875 0.05703125 0.0890625
12 0.34765625 0.48984375 0.07109375 0.08046875
12 0.4078125 0.48671875 0.05390625 0.06796875
12 0.5578125 0.48203125 0.04765625 0.07109375
12 0.6140625 0.48359375 0.08984375 0.178125
12 0.7 0.51328125 0.1609375 0.24296875
12 0.8484375 0.5890625 0.29921875 0.3515625
12 0.48515625 0.534375 0.13515625 0.196875
16 0.440625 0.43046875 0.00703125 0.01796875
16 0.4765625 0.4265625 0.0046875 0.01640625