12 0.51796875 0.5390625 0.01171875 0.025
12 0.53203125 0.546875 0.01640625 0.05
12 0.49375 0.553125 0.028125 0.06953125
12 0.6421875 0.53046875 0.03515625 0.03359375
12 0.67265625 0.5296875 0.02578125 0.0359375
12 0.57421875 0.5546875 0.06875 0.096875
12 0.3734375 0.6546875 0.2625 0.3859375
12 0.7875 0.58359375 0.15859375 0.1890625
12 0.9078125 0.603125 0.1828125 0.34609375
12 0.234375 0.5734375 0.0375 0.0625
12 0.1859375 0.58359375 0.06875 0.075
12 0.140625 0.59375 0.0546875 0.0640625
12 0.0421875 0.59921875 0.084375 0.0828125