12 0.5078125 0.5578125 0.01953125 0.03359375
12 0.4953125 0.56796875 0.01875 0.03359375
12 0.4828125 0.57265625 0.025 0.040625
12 0.46484375 0.5796875 0.0390625 0.08046875
12 0.43125 0.5921875 0.05625 0.08203125
12 0.39296875 0.60625 0.0953125 0.11796875
12 0.27890625 0.66953125 0.1796875 0.20703125
12 0.53515625 0.540625 0.0078125 0.0140625
12 0.56640625 0.5671875 0.01328125 0.04453125
12 0.575 0.565625 0.01640625 0.05
12 0.59375 0.5671875 0.03671875 0.05703125
12 0.60234375 0.57734375 0.03046875 0.0640625
12 0.61796875 0.58515625 0.04296875 0.07890625
12 0.65625 0.5921875 0.075 0.14296875
12 0.7078125 0.615625 0.1125 0.1875
12 0.55078125 0.553125 0.0265625 0.0390625
12 0.528125 0.540625 0.01328125 0.01640625
18 0.5375 0.5109375 0.0078125 0.01640625
18 0.5078125 0.51171875 0.00625 0.0125
16 0.50625 0.4859375 0.00703125 0.01796875
16 0.5703125 0.48125 0.009375 0.02890625
17 0.5 0.48359375 0.0078125 0.01640625
12 0.134375 0.77265625 0.26875 0.4015625
12 0.82265625 0.6625 0.2609375 0.25859375