14 0.0203125 0.4140625 0.040625 0.3640625
14 0.090625 0.45546875 0.05703125 0.296875
14 0.3859375 0.4515625 0.0359375 0.2359375
14 0.4078125 0.46875 0.01171875 0.07109375
14 0.42421875 0.47109375 0.01171875 0.065625
14 0.44453125 0.4703125 0.01328125 0.06796875
14 0.459375 0.478125 0.0078125 0.065625
16 0.51640625 0.3140625 0.01484375 0.03359375
18 0.675 0.29140625 0.0171875 0.0484375
16 0.690625 0.29296875 0.015625 0.04140625
17 0.715625 0.303125 0.01171875 0.0484375
17 0.759375 0.39609375 0.01328125 0.04140625
18 0.75703125 0.434375 0.015625 0.0265625
12 0.4984375 0.46171875 0.02109375 0.0234375
12 0.55390625 0.4828125 0.02109375 0.01953125
12 0.553125 0.47109375 0.01875 0.028125
12 0.5796875 0.47578125 0.02734375 0.04140625
12 0.6 0.48515625 0.01875 0.04140625
12 0.6328125 0.48984375 0.04609375 0.05703125
16 0.525 0.4453125 0.0109375 0.01953125
12 0.8859375 0.55546875 0.2265625 0.4359375
14 0.6859375 0.490625 0.01328125 0.0640625
17 0.278125 0.27890625 0.01875 0.04140625
12 0.1921875 0.4921875 0.05234375 0.05703125