16 0.42734375 0.2 0.00703125 0.03359375
16 0.50703125 0.22734375 0.0078125 0.03046875
16 0.4171875 0.26875 0.00703125 0.01640625
19 0.615625 0.30859375 0.0109375 0.0140625
12 0.940625 0.409375 0.115625 0.34296875
12 0.74375 0.35078125 0.2 0.2609375
12 0.45859375 0.33515625 0.0265625 0.040625
12 0.42265625 0.328125 0.0203125 0.0234375
12 0.525 0.34609375 0.02734375 0.02890625
12 0.5046875 0.34921875 0.015625 0.02890625
12 0.21875 0.3140625 0.0390625 0.034375
18 0.28359375 0.17890625 0.00703125 0.02109375
18 0.2734375 0.1796875 0.0046875 0.03046875