16 0.5421875 0.3109375 0.01171875 0.046875
17 0.5546875 0.30703125 0.00859375 0.04453125
14 0.1015625 0.57421875 0.01484375 0.05546875
12 0.5 0.5078125 0.02890625 0.03046875
12 0.278125 0.546875 0.02421875 0.03046875
12 0.3171875 0.528125 0.034375 0.04140625
12 0.2453125 0.559375 0.03984375 0.04296875
12 0.5328125 0.51328125 0.0484375 0.05546875
12 0.9015625 0.4640625 0.10703125 0.096875
12 0.4375 0.52578125 0.0875 0.13046875
18 0.0546875 0.51875 0.01171875 0.0234375
17 0.1046875 0.3796875 0.0203125 0.03046875
12 0.37890625 0.515625 0.021875 0.03359375