16 0.4890625 0.3078125 0.00859375 0.0234375
16 0.3546875 0.2984375 0.00859375 0.021875
16 0.40546875 0.365625 0.00546875 0.0140625
12 0.4765625 0.40859375 0.01015625 0.0109375
12 0.48515625 0.40859375 0.009375 0.025
12 0.4984375 0.41171875 0.01875 0.021875
12 0.509375 0.409375 0.015625 0.03046875
12 0.5328125 0.4125 0.0328125 0.03359375
12 0.56875 0.41875 0.04375 0.05859375
12 0.6046875 0.42734375 0.0359375 0.075
12 0.63125 0.428125 0.0375 0.05546875
12 0.69375 0.428125 0.10234375 0.11796875
12 0.809375 0.4328125 0.178125 0.19296875
12 0.4015625 0.41015625 0.01953125 0.021875
12 0.38828125 0.4140625 0.0140625 0.021875
12 0.3734375 0.41875 0.02421875 0.03203125
12 0.2234375 0.4328125 0.07421875 0.090625
12 0.26796875 0.43359375 0.0296875 0.05546875
12 0.1671875 0.4390625 0.084375 0.09140625
12 0.0859375 0.46484375 0.1234375 0.1
12 0.940625 0.4984375 0.11640625 0.215625
16 0.98125 0.28125 0.00546875 0.040625