18 0.2046875 0.10234375 0.025 0.084375
17 0.1703125 0.353125 0.01796875 0.053125
18 0.37265625 0.43203125 0.01328125 0.01953125
18 0.40078125 0.434375 0.0109375 0.02109375
18 0.7125 0.36796875 0.025 0.04296875
18 0.6765625 0.3765625 0.00859375 0.02890625
18 0.4453125 0.47890625 0.009375 0.0109375
16 0.3796875 0.471875 0.00859375 0.01953125
12 0.4015625 0.5 0.009375 0.0109375
12 0.38828125 0.503125 0.0140625 0.015625
12 0.4125 0.503125 0.01171875 0.01640625
12 0.421875 0.5046875 0.0140625 0.0234375
12 0.43359375 0.51328125 0.0203125 0.040625
12 0.4390625 0.515625 0.02421875 0.040625
12 0.4546875 0.51875 0.03125 0.06796875
12 0.475 0.53046875 0.05625 0.07890625
16 0.3921875 0.48828125 0.0109375 0.015625